0.162554
0.161459
0.825259
0.799324
0.563731
0.802877
0.1371850
0.243272
0.598199
0.044354
0.880760
0.239203
0.762271
0.225351
0.023024
0.615882
0.011257
0.230028
0.195104
0.147900
0.231862
0.818016
0.214983
0.379595
0.950345
0.242076
0.687115
0.193897
0.303063
0.097532
0.455683
0.511666
0.490756
0.303456
0.771047
0.444696
0.402133
0.371956
0.324000
0.430297
0.175500
0.105450
0.153653
0.312000
0.718594
0.782804
0.122947
0.641217
0.036165
0.299564
0.396029
0.810120
0.006972
0.415277
0.933627
0.605316
0.517947
0.971742
0.010112
0.128316
0.693275
0.902984
0.205590
0.429925
0.488874
0.048966
0.473749
0.683064
0.041162
0.811692
0.943914
0.083916
0.127774
0.133461
0.339400
0.866592
0.172897
0.848896
0.313777
0.620242
0.008310
0.687554
0.528294
0.962778
0.468958
0.544245
0.191478
0.874734
0.683819
0.457139
0.269972
0.055894
0.093307
0.821356
0.183611
0.209735
0.110805
0.673979
0.267907
0.208554
0.411227
0.149738
0.380960
0.921957
0.032667
0.087998
0.702827
0.745509
0.048681
0.203219
0.008462
0.424212
0.310243
0.758366
0.734948
0.315014
0.719719
0.748880
0.489224
0.165458
0.049933
0.824531
0.397347
0.548895
0.136905
0.678320
0.165068
0.264635
0.200723
0.053460
0.989921
0.081845
0.833226
0.810320
0.501562
0.844341
0.229234
0.304256
0.238912
0.072609
0.605265
0.521184
0.853462
0.245643
0.808820
0.989856
0.667577
0.508382
0.902426
0.823253
0.294480
0.955484
0.336467
0.150295
0.112891
0.951196
0.973833
0.488489
0.258199
0.881479
0.033235
0.865761
0.943036
0.201615
0.692845
0.249450
0.692463
0.511039
0.464674
0.604308
0.884237
0.295722
0.027885
0.685363
0.518344
0.353104
0.438176
0.252391
0.593007
0.226674
0.478874
0.273176
0.681058
0.200266
0.445548
0.723298
0.360079
0.187854
0.803231
0.674049
0.440059
0.873154
0.246017
0.259447
0.579552
0.124875
0.962245
0.229763
0.182266
0.789036
0.234604
0.957598
0.531354
0.982648
0.018669
0.656160
0.683849
0.336963
0.654860
0.768889
0.082532
0.292838
0.291815
0.688081
0.952630
0.101894
0.989451
0.781918
0.204944
0.855390
0.421263
0.682341
0.040865
0.034978
0.615716
0.930137
0.697630
0.743026
0.745575
0.463525
0.908224
0.885439
0.624911
0.418480
0.431923
0.053469
0.785421
0.958297
0.755115
0.522011
0.797142
0.069079
0.675122
0.484217
0.243211
0.118903
0.513161
0.049110
0.671699
0.967928
0.741461
0.956808
0.757206
0.353167
0.908380
0.883152
0.327325
0.200293
0.764335
0.423145
0.632253
0.158981
0.546390
0.283486
0.675682
0.321712
0.272810
0.944023
0.193625
0.542338
0.172368
0.807526
0.377722
0.502141
0.692330
0.149603
0.467335
0.469997
0.516675
0.231815
0.004897
0.609500
0.832047
0.307724
0.850713
0.127677
0.275553
0.522775
0.943023
0.795331
0.950202
0.959936
0.253518
0.431262
0.183417
0.962551
0.216604
0.466021
0.125573
0.074324
0.623808
0.999368
0.137204
0.552636
0.547059
0.715580
0.292901
0.914799
0.105450
0.316613
0.009138
0.477181
0.851215
0.274393
0.716948
0.953075
0.550718
0.240117
0.474587
0.768149
0.140720
0.518907
0.159246
0.980041
0.779767
0.553564
0.575819
0.014647
0.973948
0.403822
0.637757
0.031652
0.309341
0.876397
0.064523
0.805573
0.128274
0.638864
0.758186
0.552217
0.915560
0.326858
0.136526
0.918413
0.630545
0.801369
0.679133
0.456778
0.104790
0.772401
0.977719
0.374556
0.902454
0.393514
0.632326
0.198594
0.051511
0.039266
0.866957
0.298510
0.279914
0.765805
0.932900
0.947521
0.555757
0.207004
0.297895
0.639469
0.594980
0.860990
0.978714
0.775193
0.585035
0.218262
0.772138
0.949494
0.616652
0.011099
0.937881
0.587243
0.678542
0.027113
0.375807
0.176786
0.699566
0.198093
0.097359
0.708505
0.787744
0.134386
0.443540
0.611934
0.799178
0.609743
0.581653
0.230696
0.991233
0.236632
0.924392
0.337826
0.337826