339.354736
339.496429
320.888977
328.355255
326.227692
324.050201
321.183624
325.284119
320.210968
337.781128
328.577881
325.263306
327.255829
336.435669
332.962921
320.728699
323.711578
335.546844
336.730316
320.587036
335.176697
339.015533
327.380951
321.225769
336.263641
328.478973
336.622101
329.625580
328.987701
328.384949
326.521759
334.268280
329.338806
334.833893
333.717224
329.027100
320.058167
325.254242
332.342316
335.031036
325.486908
333.447479
337.252289
325.986938
329.134308
328.190643
323.485535
325.889404
332.274078
338.893463
336.144226
334.885193
335.963226
323.641510
326.619446
336.911469
322.182556
334.215332
333.432007
325.674835
334.574127
338.222382
336.324432
330.884033
324.835083
334.589783
337.698059
337.181732
329.614410
321.966797
339.495789
328.340149
329.237244
321.113159
322.757721
325.235535
320.653503
335.391510
327.569733
325.576416
336.053009
333.384155
329.641174
327.412354
331.389099
335.489410
328.257446
332.563232
326.385040
320.163910
320.464386
326.474609
328.857391
338.095795
328.141693
328.831940
323.838409
337.945770
332.781982
332.735138
334.737305
335.055969
332.054108
320.489441
321.295563
327.581909
326.052795
322.877838
335.922699
331.337311
324.645844
328.259064
322.385345
321.963806
331.562988
339.338409
322.923492
329.295044
322.013580
333.416748
330.437836
325.069122
335.055206
331.400787
328.920563
335.042267
322.907349
322.050659
329.506195
320.460022
338.713409
327.369476
334.192810
336.614502
326.449005
339.515564
331.029907
333.377441
332.531616
337.063019
327.516327
335.018585
335.406647
335.716370
321.083710
325.982056
335.974823
321.434021
330.016052
326.374054
328.079773
333.351898
330.474274
325.194794
331.507568
324.458069
334.363129
329.447601
336.545868
334.682648
321.340393
337.426697
334.016235
327.482849
336.909241
320.497375
339.746490
324.098694
320.578583
333.226654
331.551300
331.110107
337.161377
335.684235
325.721680
331.336853
331.031586
324.377289
327.624237
329.080139
325.717041
329.522491
323.426727
335.684296
322.914642
336.091492
326.595703
320.380402
327.759277
337.464355
326.431519
320.543060
337.564697
322.510895
336.780457
329.722412
321.168518
327.961029
332.866058
328.600586
332.556274
330.246674
331.893677
322.909058
326.691711
333.133942
329.174561
330.586304
338.597321
331.928223
324.688232
337.875275
320.895538
330.452026
329.481598
329.542358
323.744690
321.189850
330.416107
335.291321
324.472260
330.231018
322.102234
320.386108
333.914490
336.077332
333.964966
324.459503
339.788910
328.622131
333.964111
331.308380
337.953491
333.347137
336.597107
325.477417
337.063721
334.716217
336.525726
339.865509
327.416626
329.042969
329.895447
336.242096
328.413940
338.954834
323.028687
320.086853
322.761444
329.351807
322.072449
320.427917
330.537628
338.302094
330.246429
337.503540
334.110443
339.044617
320.048950
333.690216
320.150909
330.840973
322.908264
324.161835
324.361786
325.028290
328.342834
325.570404
320.600342
325.943817
322.040100
328.509827
329.993866
320.156403
322.841125
338.505737
326.491669
326.171692
320.274506
335.069672
323.847137
331.070557
325.554138
331.070465
320.513458
337.001251
320.461639
338.704071
333.065491
320.498322
332.707062
338.898682
328.350739
328.598663
335.403870
333.261536
323.766266
331.441010
320.973022
335.474915
339.525726
324.040009
337.987213
330.442871
321.604553
326.959351
329.945221
333.510345
330.928406
326.921204
325.777344
325.583282
324.514832
338.864044
339.535767
326.974335
326.815125
339.048859
333.758423
335.855072
320.432922
329.674591
328.672424
328.674133
325.293945
325.933105
335.778107
320.614899
328.540680
325.780792
333.817902
327.137939
323.769501
325.435394
335.678558
332.890900
324.104858
326.489594
325.750397
332.378113
330.759064
322.115601
329.827576
326.830109
322.209473
326.444702
325.366058
336.660431
339.769470
326.663483
323.386261
331.559479
322.119873
320.268402
333.212799
338.914612
330.957733
330.509033
323.760742
339.153595
329.950043
321.997589
339.180939
324.451660
320.753815
334.398438
330.669525
331.631195
324.006989
320.659668
324.546112
321.191650
320.604492
336.289185
329.039825
330.335449
321.041046
334.305969
330.991028
339.172394
329.872742
335.884949
339.528748
333.331665
339.415741
320.755524
333.565582
339.465698
333.647888
338.535339
331.197632
321.677582
321.203827
332.460663
334.741180
323.939728
325.203918
325.156189
327.340790
328.268372
328.268372
